start_time,request_types,latency,response_code
1601669179564,POST,623,200
1601669180188,POST,94,200
1601669180282,POST,206,200
1601669180488,POST,91,200
1601669180579,POST,89,200
1601669180668,POST,140,200
1601669180808,POST,86,200
1601669180894,POST,89,200
1601669180983,POST,92,200
1601669181075,POST,276,200
1601669181351,POST,83,200
1601669181434,POST,92,200
1601669181526,POST,94,200
1601669181620,POST,396,200
1601669182016,POST,85,200
1601669182102,POST,85,200
1601669182188,POST,157,200
1601669182345,POST,88,200
1601669182433,POST,88,200
1601669182521,POST,94,200
1601669182615,POST,345,200
1601669182960,POST,89,200
1601669183049,POST,92,200
1601669183141,POST,89,200
1601669183230,POST,345,200
1601669183575,POST,97,200
1601669183672,POST,84,200
1601669183756,POST,85,200
1601669183841,POST,347,200
1601669184188,POST,87,200
1601669184275,POST,92,200
1601669184367,POST,92,200
1601669184459,POST,338,200
1601669184797,POST,85,200
1601669184882,POST,89,200
1601669184971,POST,88,200
1601669185059,POST,358,200
1601669185417,POST,87,200
1601669185504,POST,87,200
1601669185591,POST,100,200
1601669185691,POST,341,200
1601669186032,POST,89,200
1601669186121,POST,91,200
1601669186212,POST,92,200
1601669186304,POST,343,200
1601669186647,POST,91,200
1601669186738,POST,87,200
1601669186825,POST,87,200
1601669186912,POST,350,200
1601669187262,POST,91,200
1601669187353,POST,94,200
1601669187447,POST,89,200
1601669187536,POST,340,200
1601669187876,POST,84,200
1601669187960,POST,89,200
1601669188049,POST,93,200
1601669188142,POST,349,200
1601669188491,POST,90,200
1601669188581,POST,101,200
1601669188682,POST,95,200
1601669188777,POST,92,200
1601669188869,POST,234,200
1601669189103,POST,89,200
1601669189192,POST,93,200
1601669189285,POST,89,200
1601669189374,POST,345,200
1601669189719,POST,91,200
1601669189810,POST,88,200
1601669189898,POST,85,200
1601669189983,POST,352,200
1601669190335,POST,90,200
1601669190425,POST,95,200
1601669190520,POST,87,200
1601669190607,POST,134,200
1601669190741,POST,87,200
1601669190828,POST,89,200
1601669190917,POST,89,200
1601669191006,POST,93,200
1601669191099,POST,161,200
1601669191260,POST,89,200
1601669191349,POST,86,200
1601669191435,POST,93,200
1601669191528,POST,92,200
1601669191620,POST,197,200
1601669191817,POST,84,200
1601669191901,POST,85,200
1601669191986,POST,84,200
1601669192070,POST,387,200
1601669192457,POST,86,200
1601669192543,POST,91,200
1601669192634,POST,157,200
1601669192791,POST,93,200
1601669192884,POST,89,200
1601669192973,POST,94,200
1601669193067,POST,339,200
1601669193406,POST,86,200
1601669193492,POST,91,200
1601669193583,POST,90,200
1601669193673,POST,340,200
1601669194013,POST,110,200
1601669194123,GET,185,200
1601669194308,GET,86,200
1601669194394,GET,209,200
1601669194603,GET,88,200
1601669194691,GET,104,200
1601669194796,POST,85,200
1601669194881,POST,88,200
1601669194969,POST,281,200
1601669195250,POST,95,200
1601669195345,POST,87,200
1601669195432,POST,94,200
1601669195526,POST,99,200
1601669195625,POST,93,200
1601669195718,POST,145,200
1601669195863,POST,89,200
1601669195952,POST,95,200
1601669196047,POST,97,200
1601669196144,POST,110,200
1601669196254,POST,92,200
1601669196346,POST,98,200
1601669196444,POST,98,200
1601669196542,POST,86,200
1601669196628,POST,91,200
1601669196720,POST,91,200
1601669196811,POST,215,200
1601669197026,POST,100,200
1601669197126,POST,88,200
1601669197214,POST,89,200
1601669197303,POST,239,200
1601669197542,POST,89,200
1601669197631,POST,87,200
1601669197718,POST,88,200
1601669197806,POST,91,200
1601669197897,POST,86,200
1601669197983,POST,303,200
1601669198286,POST,90,200
1601669198376,POST,99,200
1601669198475,POST,90,200
1601669198565,POST,91,200
1601669198656,POST,95,200
1601669198751,POST,184,200
1601669198935,POST,87,200
1601669199022,POST,84,200
1601669199106,POST,89,200
1601669199195,POST,314,200
1601669199509,POST,346,200
1601669199855,POST,88,200
1601669199943,POST,89,200
1601669200032,POST,93,200
1601669200125,POST,285,200
1601669200410,POST,93,200
1601669200503,POST,93,200
1601669200596,POST,96,200
1601669200692,POST,350,200
1601669201042,POST,86,200
1601669201128,POST,106,200
1601669201234,POST,95,200
1601669201329,POST,90,200
1601669201419,POST,281,200
1601669201700,POST,85,200
1601669201785,POST,89,200
1601669201874,POST,441,200
1601669202315,POST,97,200
1601669202412,POST,98,200
1601669202510,POST,90,200
1601669202600,POST,85,200
1601669202685,POST,109,200
1601669202794,POST,136,200
1601669202930,POST,90,200
1601669203020,POST,89,200
1601669203109,POST,85,200
1601669203194,POST,350,200
1601669203544,POST,90,200
1601669203634,POST,109,200
1601669203743,POST,99,200
1601669203842,POST,316,200
1601669204158,POST,89,200
1601669204247,POST,89,200
1601669204336,POST,95,200
1601669204431,POST,341,200
1601669204773,POST,89,200
1601669204862,POST,104,200
1601669204966,POST,90,200
1601669205056,POST,92,200
1601669205148,POST,238,200
1601669205386,POST,87,200
1601669205473,POST,100,200
1601669205573,POST,397,200
1601669205970,POST,105,200
1601669206075,POST,95,200
1601669206170,POST,92,200
1601669206262,POST,87,200
1601669206349,POST,266,200
1601669206615,POST,89,200
1601669206704,POST,85,200
1601669206789,POST,98,200
1601669206887,POST,345,200
1601669207232,POST,85,200
1601669207317,POST,99,200
1601669207416,POST,88,200
1601669207504,POST,91,200
1601669207595,POST,87,200
1601669207682,POST,140,200
1601669207822,POST,84,200
1601669207906,POST,86,200
1601669207992,GET,86,200
1601669208078,GET,173,200
1601669208251,GET,89,200
1601669208340,GET,87,200
1601669208427,GET,93,200
1601669194796,POST,173,200
1601669194969,POST,281,200
1601669195250,POST,101,200
1601669195351,POST,86,200
1601669195437,POST,89,200
1601669195526,POST,99,200
1601669195625,POST,93,200
1601669195718,POST,145,200
1601669195863,POST,89,200
1601669195952,POST,95,200
1601669196047,POST,97,200
1601669196144,POST,110,200
1601669196254,POST,92,200
1601669196346,POST,97,200
1601669196443,POST,99,200
1601669196542,POST,85,200
1601669196627,POST,93,200
1601669196720,POST,91,200
1601669196811,POST,215,200
1601669197026,POST,101,200
1601669197127,POST,87,200
1601669197214,POST,89,200
1601669197303,POST,239,200
1601669197542,POST,88,200
1601669197630,POST,88,200
1601669197718,POST,89,200
1601669197807,POST,90,200
1601669197897,POST,86,200
1601669197983,POST,303,200
1601669198286,POST,90,200
1601669198376,POST,99,200
1601669198475,POST,90,200
1601669198565,POST,86,200
1601669198651,POST,100,200
1601669198751,POST,184,200
1601669198935,POST,87,200
1601669199022,POST,83,200
1601669199105,POST,90,200
1601669199195,POST,314,200
1601669199509,POST,346,200
1601669199855,POST,88,200
1601669199943,POST,89,200
1601669200032,POST,92,200
1601669200124,POST,285,200
1601669200409,POST,94,200
1601669200503,POST,93,200
1601669200596,POST,96,200
1601669200692,POST,349,200
1601669201041,POST,87,200
1601669201128,POST,106,200
1601669201234,POST,95,200
1601669201329,POST,90,200
1601669201419,POST,280,200
1601669201699,POST,86,200
1601669201785,POST,89,200
1601669201874,POST,441,200
1601669202315,POST,97,200
1601669202412,POST,99,200
1601669202511,POST,89,200
1601669202600,POST,85,200
1601669202685,POST,109,200
1601669202794,POST,136,200
1601669202930,POST,89,200
1601669203019,POST,89,200
1601669203108,POST,86,200
1601669203194,POST,350,200
1601669203544,POST,89,200
1601669203633,POST,102,200
1601669203735,POST,107,200
1601669203842,POST,317,200
1601669204159,POST,88,200
1601669204247,POST,89,200
1601669204336,POST,94,200
1601669204430,POST,342,200
1601669204772,POST,90,200
1601669204862,POST,104,200
1601669204966,POST,90,200
1601669205056,POST,92,200
1601669205148,POST,238,200
1601669205386,POST,87,200
1601669205473,POST,100,200
1601669205573,POST,397,200
1601669205970,POST,105,200
1601669206075,POST,95,200
1601669206170,POST,92,200
1601669206262,POST,87,200
1601669206350,POST,265,200
1601669206615,POST,88,200
1601669206703,POST,86,200
1601669206789,POST,98,200
1601669206887,POST,344,200
1601669207231,POST,87,200
1601669207318,POST,98,200
1601669207416,POST,88,200
1601669207504,POST,91,200
1601669207595,POST,87,200
1601669207682,POST,140,200
1601669207822,POST,84,200
1601669207906,POST,86,200
1601669207992,POST,84,200
1601669208076,GET,175,200
1601669208251,GET,89,200
1601669208340,GET,89,200
1601669208429,GET,91,200
1601669208520,GET,107,200
1601669194797,POST,172,200
1601669194969,POST,281,200
1601669195250,POST,95,200
1601669195345,POST,92,200
1601669195437,POST,89,200
1601669195526,POST,100,200
1601669195626,POST,99,200
1601669195725,POST,138,200
1601669195863,POST,89,200
1601669195952,POST,95,200
1601669196047,POST,97,200
1601669196144,POST,110,200
1601669196254,POST,92,200
1601669196346,POST,97,200
1601669196443,POST,99,200
1601669196542,POST,84,200
1601669196626,POST,85,200
1601669196711,POST,88,200
1601669196799,POST,227,200
1601669197026,POST,100,200
1601669197126,POST,88,200
1601669197214,POST,89,200
1601669197303,POST,239,200
1601669197542,POST,89,200
1601669197631,POST,87,200
1601669197718,POST,88,200
1601669197806,POST,91,200
1601669197897,POST,86,200
1601669197984,POST,303,200
1601669198287,POST,89,200
1601669198376,POST,99,200
1601669198475,POST,90,200
1601669198565,POST,86,200
1601669198651,POST,100,200
1601669198751,POST,185,200
1601669198936,POST,86,200
1601669199022,POST,84,200
1601669199106,POST,88,200
1601669199194,POST,315,200
1601669199509,POST,346,200
1601669199855,POST,88,200
1601669199943,POST,89,200
1601669200032,POST,92,200
1601669200124,POST,285,200
1601669200409,POST,94,200
1601669200503,POST,93,200
1601669200596,POST,96,200
1601669200692,POST,350,200
1601669201042,POST,86,200
1601669201128,POST,106,200
1601669201234,POST,95,200
1601669201329,POST,90,200
1601669201419,POST,281,200
1601669201700,POST,85,200
1601669201785,POST,89,200
1601669201874,POST,441,200
1601669202315,POST,97,200
1601669202412,POST,99,200
1601669202511,POST,89,200
1601669202600,POST,85,200
1601669202685,POST,109,200
1601669202794,POST,136,200
1601669202930,POST,89,200
1601669203019,POST,89,200
1601669203108,POST,86,200
1601669203194,POST,350,200
1601669203544,POST,89,200
1601669203633,POST,102,200
1601669203735,POST,107,200
1601669203842,POST,316,200
1601669204158,POST,89,200
1601669204247,POST,89,200
1601669204336,POST,94,200
1601669204430,POST,343,200
1601669204773,POST,89,200
1601669204862,POST,104,200
1601669204966,POST,90,200
1601669205056,POST,92,200
1601669205148,POST,238,200
1601669205386,POST,88,200
1601669205474,POST,99,200
1601669205573,POST,397,200
1601669205970,POST,105,200
1601669206075,POST,95,200
1601669206170,POST,92,200
1601669206262,POST,87,200
1601669206349,POST,266,200
1601669206615,POST,89,200
1601669206704,POST,86,200
1601669206790,POST,97,200
1601669206887,POST,344,200
1601669207232,POST,86,200
1601669207318,POST,98,200
1601669207416,POST,88,200
1601669207504,POST,92,200
1601669207596,POST,86,200
1601669207682,POST,140,200
1601669207822,POST,84,200
1601669207906,POST,86,200
1601669207992,POST,85,200
1601669208077,GET,180,200
1601669208257,GET,87,200
1601669208344,GET,89,200
1601669208433,GET,87,200
1601669208520,GET,108,200
1601669194796,POST,166,200
1601669194962,POST,288,200
1601669195250,POST,95,200
1601669195345,POST,87,200
1601669195432,POST,94,200
1601669195526,POST,98,200
1601669195624,POST,87,200
1601669195711,POST,152,200
1601669195863,POST,87,200
1601669195950,POST,97,200
1601669196047,POST,97,200
1601669196144,POST,111,200
1601669196255,POST,91,200
1601669196346,POST,97,200
1601669196443,POST,99,200
1601669196542,POST,85,200
1601669196627,POST,84,200
1601669196711,POST,99,200
1601669196810,POST,216,200
1601669197026,POST,100,200
1601669197126,POST,88,200
1601669197214,POST,89,200
1601669197303,POST,239,200
1601669197542,POST,88,200
1601669197630,POST,88,200
1601669197718,POST,88,200
1601669197806,POST,91,200
1601669197897,POST,86,200
1601669197983,POST,303,200
1601669198286,POST,90,200
1601669198376,POST,99,200
1601669198475,POST,90,200
1601669198565,POST,86,200
1601669198651,POST,100,200
1601669198751,POST,184,200
1601669198935,POST,87,200
1601669199022,POST,83,200
1601669199105,POST,90,200
1601669199195,POST,314,200
1601669199509,POST,346,200
1601669199855,POST,88,200
1601669199943,POST,89,200
1601669200032,POST,92,200
1601669200124,POST,285,200
1601669200409,POST,94,200
1601669200503,POST,93,200
1601669200596,POST,96,200
1601669200692,POST,350,200
1601669201042,POST,86,200
1601669201128,POST,106,200
1601669201234,POST,95,200
1601669201329,POST,90,200
1601669201419,POST,280,200
1601669201699,POST,86,200
1601669201785,POST,89,200
1601669201874,POST,441,200
1601669202315,POST,98,200
1601669202413,POST,98,200
1601669202511,POST,89,200
1601669202600,POST,85,200
1601669202685,POST,110,200
1601669202795,POST,135,200
1601669202930,POST,89,200
1601669203020,POST,88,200
1601669203108,POST,86,200
1601669203194,POST,350,200
1601669203544,POST,90,200
1601669203634,POST,101,200
1601669203735,POST,108,200
1601669203843,POST,315,200
1601669204158,POST,89,200
1601669204247,POST,89,200
1601669204336,POST,95,200
1601669204431,POST,341,200
1601669204772,POST,90,200
1601669204862,POST,104,200
1601669204967,POST,89,200
1601669205056,POST,92,200
1601669205148,POST,238,200
1601669205386,POST,88,200
1601669205474,POST,99,200
1601669205573,POST,397,200
1601669205970,POST,105,200
1601669206075,POST,95,200
1601669206170,POST,92,200
1601669206262,POST,95,200
1601669206357,POST,258,200
1601669206615,POST,89,200
1601669206704,POST,86,200
1601669206790,POST,97,200
1601669206887,POST,344,200
1601669207231,POST,87,200
1601669207318,POST,98,200
1601669207416,POST,89,200
1601669207505,POST,187,200
1601669207692,POST,130,200
1601669207822,POST,90,200
1601669207912,POST,86,200
1601669207998,POST,106,200
1601669208104,POST,91,200
1601669208195,GET,98,200
1601669208293,GET,89,200
1601669208382,GET,81,200
1601669208463,GET,83,200
1601669208546,GET,87,200
1601669208521,POST,106,200
1601669208627,POST,139,200
1601669208766,POST,91,200
1601669208857,POST,89,200
1601669208946,POST,86,200
1601669209033,POST,206,200
1601669209239,POST,83,200
1601669209322,POST,102,200
1601669209424,POST,92,200
1601669209516,POST,170,200
1601669209686,POST,95,200
1601669209781,POST,85,200
1601669209866,POST,82,200
1601669209948,POST,348,200
1601669210296,POST,87,200
1601669210383,POST,88,200
1601669210471,POST,88,200
1601669210559,POST,356,200
1601669210915,POST,92,200
1601669211007,POST,86,200
1601669211093,POST,92,200
1601669211185,POST,88,200
1601669211273,POST,88,200
1601669211361,POST,169,200
1601669211530,POST,87,200
1601669211617,POST,95,200
1601669211712,POST,434,200
1601669212146,POST,89,200
1601669212235,POST,87,200
1601669212322,POST,86,200
1601669212408,POST,351,200
1601669212759,POST,88,200
1601669212847,POST,96,200
1601669212943,POST,86,200
1601669213029,POST,91,200
1601669213120,POST,254,200
1601669213374,POST,101,200
1601669213475,POST,96,200
1601669213571,POST,92,200
1601669213663,POST,98,200
1601669213761,POST,228,200
1601669213989,POST,83,200
1601669214072,POST,93,200
1601669214165,POST,88,200
1601669214253,POST,350,200
1601669214603,POST,88,200
1601669214691,POST,90,200
1601669214781,POST,88,200
1601669214869,POST,347,200
1601669215216,POST,95,200
1601669215311,POST,87,200
1601669215398,POST,93,200
1601669215491,POST,340,200
1601669215832,POST,86,200
1601669215918,POST,88,200
1601669216006,POST,87,200
1601669216093,POST,354,200
1601669216447,POST,88,200
1601669216535,POST,95,200
1601669216630,POST,89,200
1601669216719,POST,341,200
1601669217060,POST,98,200
1601669217158,POST,94,200
1601669217252,POST,86,200
1601669217338,POST,680,200
1601669218019,POST,87,200
1601669218106,POST,88,200
1601669218194,POST,402,200
1601669218596,POST,87,200
1601669218683,POST,83,200
1601669218766,POST,86,200
1601669218852,POST,85,200
1601669218937,POST,272,200
1601669219209,POST,89,200
1601669219298,POST,86,200
1601669219384,POST,84,200
1601669219468,POST,87,200
1601669219555,POST,97,200
1601669219652,POST,172,200
1601669219824,POST,85,200
1601669219909,POST,95,200
1601669220004,POST,436,200
1601669220440,POST,88,200
1601669220528,POST,84,200
1601669220612,POST,86,200
1601669220698,POST,280,200
1601669220978,POST,86,200
1601669221064,POST,96,200
1601669221160,POST,89,200
1601669221249,POST,419,200
1601669221668,POST,88,200
1601669221756,POST,86,200
1601669221842,POST,87,200
1601669221929,POST,292,200
1601669222221,POST,86,200
1601669222307,POST,85,200
1601669222392,POST,86,200
1601669222478,POST,317,200
1601669222795,POST,89,200
1601669222884,POST,85,200
1601669222969,GET,87,200
1601669223056,GET,149,200
1601669223205,GET,84,200
1601669223289,GET,88,200
1601669223377,GET,88,200
1601669223465,GET,339,200
1601669223804,GET,84,200
1601669223888,GET,86,200
1601669223974,GET,89,200
1601669224063,GET,370,200
